-250	-82	-525
-251	-83	-530
-256	-85	-530
-252	-91	-527
-255	-82	-531
-251	-81	-522
-257	-83	-522
-257	-84	-529
-253	-83	-523
-248	-80	-528
-251	-84	-523
-251	-82	-528
-255	-92	-523
-250	-85	-526
-251	-85	-516
-254	-84	-528
-249	-83	-522
-251	-83	-524
-245	-81	-521
-251	-90	-526
-250	-85	-527
-249	-85	-524
-253	-83	-528
-256	-87	-526
-355	-44	-383
-331	-34	-347
-234	23	-332
-194	38	-349
-156	20	-381
-145	-4	-429
-140	-17	-445
-121	-1	-420
-23	22	-363
-28	20	-359
-20	54	-247
-23	63	-224
0	54	-225
4	52	-210
41	31	-217
122	-26	-235
154	-72	-245
212	-188	-270
226	-272	-268
231	-350	-233
201	-429	-227
102	-537	-239
-30	-588	-226
-94	-600	-205
-163	-599	-224
-300	-544	-215
-346	-520	-229
-419	-474	-230
-487	-389	-212
-545	-334	-193
-550	-309	-218
-552	-216	-233
-534	-171	-227
-488	-91	-202
-397	-8	-231
-346	26	-192
-321	34	-171
-319	26	-183
-280	52	-187
-207	68	-136
-184	73	-155
-113	70	-174
-100	76	-182
-19	43	-224
11	39	-212
22	35	-200
63	5	-237
93	-20	-233
117	-34	-214
209	-182	-220
227	-289	-268
222	-336	-287
216	-349	-290
225	-295	-329
172	-219	-419
105	-118	-418
81	-96	-411
79	-99	-412
68	-87	-404
-23	-21	-394
-206	19	-333
-213	-2	-367
-249	-56	-430
-303	-125	-454
-312	-194	-477
-287	-198	-484
-296	-190	-478
-276	-190	-487
-276	-191	-491
-267	-272	-488
-284	-177	-487
-145	-54	-467
-86	-30	-434
117	-58	-342
167	-57	-227
144	-56	-283
47	-67	-427
-135	-77	-488
-254	-58	-455
-381	-35	-324
-419	-52	-199
-394	-54	-85
-407	-43	-117
-310	-72	-431
-82	-64	-476
51	-41	-398
134	-32	-254
130	-28	-228
110	-29	-315
-112	-10	-437
-289	18	-354
-369	1	-252
-363	-5	-279
-297	-36	-432
-146	-56	-481
-85	-60	-483
-49	-72	-469
-15	-9	-395
-14	52	-281
-66	72	-246
-57	67	-256
-133	55	-327
-316	13	-326
-302	-103	-455
-224	-178	-527
18	-127	-496
13	-48	-432
-7	10	-371
-37	30	-355
18	37	-231
52	25	-195
3	45	-204
11	50	-203
-2	51	-238
-251	21	-335
-280	-104	-456
-255	-314	-476
-276	-199	-452
-245	-190	-455
-235	-147	-435
-234	-135	-427
-236	-133	-431
-235	-140	-433
-236	-152	-440
-246	-162	-447
-247	-273	-463
-12	-286	-474
-60	-207	-478
-101	-218	-491
-6	-319	-457
-30	-367	-449
-35	-327	-464
-58	-269	-478
-68	-190	-473
-60	-235	-475
-58	-325	-467
-56	-381	-447
-6	-361	-443
21	-318	-458
76	-214	-442
62	-260	-457
60	-279	-454
37	-287	-484
44	-237	-474
105	-146	-379
82	-162	-410
69	-179	-428
60	-246	-458
-8	-308	-493
-64	-331	-497
-62	-317	-500
-34	-341	-484
-105	-366	-499
-231	-354	-476
-240	-325	-486
-250	-292	-481
-235	-273	-486
-74	-144	-479
-62	-62	-425
-57	-26	-391
-53	4	-341
-58	1	-349
-46	0	-347
-45	-12	-359
-37	-12	-364
-43	-9	-364
-53	-27	-387
-50	-29	-395
-36	-38	-397
-64	-135	-476
-35	-340	-489
-76	-401	-477
-61	-392	-481
-33	-398	-466
-10	-395	-466
-37	-391	-475
-21	-387	-468
-49	-408	-472
-88	-402	-474
-102	-409	-475
-105	-402	-477
-165	-370	-493
-199	-337	-493
-205	-332	-484
-234	-309	-485
-249	-302	-482
-263	-297	-476
-275	-268	-478
-282	-220	-464
-266	-120	-450
-215	-78	-443
-202	-80	-445
-189	-84	-449
-177	-76	-447
-173	-78	-448
-174	-87	-456
-178	-89	-453
-215	-105	-455
-249	-142	-457
-266	-136	-447
-275	-143	-444
-289	-192	-455
-278	-234	-468
-282	-223	-464
-266	-262	-481
-144	-376	-489
-102	-402	-476
-110	-401	-477
-101	-394	-480
-41	-378	-470
45	-304	-460
42	-269	-462
43	-260	-469
31	-266	-467
45	-325	-462
61	-338	-446
62	-321	-448
-22	-324	-484
-203	-283	-494
-299	-183	-442
-83	-317	-508
-26	-271	-496
-71	-246	-507
-11	-154	-468
113	-197	-412
-43	-195	-495
-7	-187	-478
-107	-261	-503
-94	-323	-501
-56	-297	-503
-21	-275	-493
-5	-348	-484
-90	-416	-468
-125	-418	-473
-129	-428	-466
-121	-421	-472
-122	-412	-469
-25	-380	-471
-69	-276	-505
-60	-109	-461
-108	-113	-472
-142	-109	-474
-174	-237	-506
-161	-221	-507
-145	-39	-415
-145	-19	-401
-138	-10	-384
-142	-14	-393
-136	-21	-398
-80	-127	-479
-60	-111	-455
-181	-10	-370
-264	16	-283
-249	28	-267
-206	47	-250
-202	46	-260
-201	45	-275
-91	-105	-464
-149	-196	-500
7	-243	-477
-209	-228	-494
-237	-186	-480
20	-220	-476
53	-173	-434
97	-140	-385
-152	-147	-479
-301	-90	-396
-265	-53	-390
-173	-92	-456
-167	-126	-476
-31	-157	-503
-213	-64	-482
-218	-74	-496
-198	-98	-513
-194	-93	-516
-194	-92	-515
-199	-95	-514
-193	-96	-519
-195	-91	-515
-196	-97	-512
-201	-94	-515
-195	-92	-516
-200	-98	-513
-200	-95	-510
-202	-97	-514
-192	-94	-522
-193	-95	-521
-197	-95	-508
-195	-94	-516
-195	-90	-516
-202	-93	-515
-204	-95	-520
-192	-95	-517
-198	-92	-518
-194	-94	-515
-196	-93	-514
-195	-91	-515
-194	-100	-515
-201	-90	-517
-199	-95	-520
-199	-98	-518
-192	-93	-523
-198	-92	-517
-198	-95	-514
-194	-93	-517
-200	-94	-514
-199	-100	-516
-198	-95	-507
-191	-93	-517
-197	-96	-515
-199	-93	-520
-197	-95	-515
-194	-93	-517
-193	-95	-512
-197	-93	-512
-197	-93	-518
-194	-93	-512
-192	-93	-517
-194	-98	-513
-198	-92	-518
-194	-97	-514
-197	-90	-512
-198	-95	-514
-199	-96	-512
-207	-95	-515
-199	-98	-522
-203	-93	-516
-193	-87	-520
-201	-95	-517
-201	-95	-519
-200	-94	-520
-199	-91	-517
-199	-94	-521
-198	-98	-522
-191	-96	-520
-196	-90	-517
-202	-98	-517
-196	-94	-518
-203	-92	-522
-199	-94	-517
-196	-97	-517
-196	-92	-513
-190	-94	-518
-194	-100	-514
-198	-92	-521
-200	-98	-517
-194	-94	-516
-200	-96	-515
-203	-96	-518
-197	-89	-518
-200	-96	-514
-195	-94	-514
-196	-91	-519
-193	-95	-512
-197	-92	-518
-196	-94	-518
-193	-95	-519
-197	-91	-519
-198	-95	-522
-201	-97	-517
-197	-92	-517
-200	-91	-522
-203	-92	-519
-197	-92	-517
-202	-90	-515
-200	-98	-520
-202	-93	-514
-197	-94	-521
-201	-96	-521
-195	-89	-522
-204	-93	-519
-199	-97	-518
-201	-99	-511
-198	-94	-522
-197	-91	-515
-202	-95	-517
-205	-89	-518
-199	-90	-514
-199	-91	-519
-196	-87	-514
-195	-80	-511
-209	-87	-521
-183	-144	-535
-150	-92	-496
-127	-55	-457
-96	-34	-407
-53	-19	-376
10	-40	-356
45	-54	-339
78	-82	-344
91	-92	-334
103	-118	-350
127	-136	-341
136	-162	-336
141	-177	-349
124	-197	-382
55	-201	-444
24	-201	-468
-6	-182	-472
-32	-169	-478
-38	-177	-480
-36	-178	-482
-60	-201	-494
-66	-211	-500
-59	-223	-505
-59	-215	-499
-63	-215	-499
-56	-204	-494
-52	-192	-493
-54	-183	-490
-75	-164	-494
-96	-162	-491
-152	-165	-486
-175	-166	-490
-191	-167	-478
-205	-170	-486
-234	-194	-485
-245	-201	-472
-262	-208	-473
-274	-228	-463
-291	-267	-463
-274	-280	-475
-259	-298	-477
-249	-305	-477
-235	-323	-481
-229	-317	-487
-227	-308	-484
-226	-302	-491
-229	-273	-492
-239	-237	-486
-222	-183	-479
-218	-137	-464
-189	-92	-449
-158	-79	-443
-103	-72	-443
-44	-96	-453
-23	-124	-462
2	-150	-461
53	-191	-448
85	-216	-436
79	-242	-440
69	-258	-453
55	-268	-460
22	-257	-473
3	-260	-482
-4	-266	-492
3	-280	-482
0	-277	-488
-9	-286	-492
-13	-311	-486
-9	-337	-482
-11	-343	-481
-26	-367	-479
-27	-388	-467
-31	-410	-463
-34	-411	-466
-23	-400	-465
-23	-380	-476
-20	-374	-479
-18	-362	-480
-30	-367	-485
-54	-377	-492
-96	-385	-493
-142	-379	-491
-189	-363	-493
-227	-331	-487
-245	-327	-489
-246	-311	-480
-261	-302	-484
-264	-290	-473
-252	-292	-480
-252	-288	-480
-249	-296	-488
-244	-288	-485
-242	-282	-484
-255	-289	-478
-260	-278	-487
-262	-286	-479
-261	-271	-479
-268	-267	-474
-272	-263	-472
-267	-262	-475
-274	-265	-473
-278	-282	-474
-256	-299	-474
-227	-321	-489
-187	-344	-493
-117	-355	-495
-100	-355	-498
-89	-367	-498
-74	-359	-495
-61	-361	-494
-47	-360	-489
-34	-353	-493
-24	-354	-489
-22	-346	-490
-18	-345	-490
-10	-342	-492
-11	-347	-490
-20	-347	-488
-26	-347	-490
-34	-350	-488
-60	-353	-492
-91	-367	-491
-122	-358	-496
-160	-358	-492
-189	-356	-487
-213	-338	-486
-229	-337	-479
-242	-325	-472
-243	-311	-477
-247	-305	-478
-237	-317	-487
-225	-324	-481
-191	-341	-486
-155	-348	-495
-130	-344	-497
-90	-348	-497
-62	-339	-493
-38	-331	-495
-19	-322	-488
1	-312	-487
7	-306	-486
7	-308	-482
-3	-315	-486
-27	-331	-495
-69	-340	-492
-105	-343	-503
-140	-342	-499
-178	-334	-494
-207	-323	-490
-234	-321	-485
-251	-312	-477
-248	-311	-480
-242	-319	-483
-212	-332	-486
-181	-344	-488
-148	-347	-495
-110	-345	-495
-56	-342	-497
-20	-316	-493
14	-290	-484
37	-259	-476
45	-222	-465
33	-199	-464
23	-182	-462
10	-167	-473
-2	-145	-460
-9	-124	-456
-26	-99	-445
-42	-90	-444
-52	-89	-445
-68	-81	-440
-72	-72	-438
-81	-68	-437
-80	-75	-447
-93	-82	-445
-92	-89	-445
-97	-83	-448
-93	-77	-450
-94	-79	-446
-97	-78	-442
-108	-72	-438
-124	-50	-421
-134	-18	-392
-139	6	-360
-145	13	-345
-136	16	-335
-133	18	-336
-135	20	-336
-123	18	-336
-118	15	-344
-121	9	-351
-115	4	-368
-109	-20	-389
-94	-48	-420
-86	-85	-448
-84	-93	-460
-79	-110	-468
-79	-115	-468
-70	-114	-471
-72	-102	-462
-90	-81	-451
-97	-50	-423
-92	-17	-391
-92	1	-368
-92	13	-347
-89	20	-329
-87	26	-309
-94	40	-295
-86	39	-279
-91	46	-279
-84	44	-273
-93	44	-263
-81	47	-254
-84	44	-235
-85	48	-223
-85	47	-215
-81	49	-208
-72	48	-196
-76	48	-183
-70	51	-173
-74	51	-148
-78	48	-137
-76	36	-129
-77	41	-121
-71	40	-120
-71	37	-118
-76	35	-119
-72	41	-113
-71	35	-115
-70	38	-121
-69	37	-120
-76	40	-117
-75	40	-118
-73	40	-134
-78	53	-186
-87	44	-247
-80	35	-304
-82	5	-350
-78	-20	-391
-64	-61	-429
-59	-81	-439
-62	-88	-450
-54	-121	-465
-55	-161	-483
-53	-180	-487
-56	-179	-489
-59	-181	-493
-61	-186	-491
-57	-205	-496
-53	-222	-501
-52	-237	-496
-50	-240	-501
-62	-230	-500
-63	-212	-497
-66	-178	-493
-65	-119	-465
-57	-65	-429
-54	-30	-395
-58	-4	-363
-65	22	-318
-60	33	-275
-56	40	-223
-57	45	-189
-59	39	-154
-52	36	-104
-47	19	-80
-34	-15	-27
-39	-33	-2
-34	-47	10
-36	-52	25
-35	-50	20
-33	-24	-11
-41	8	-67
-46	37	-142
-58	46	-207
-50	31	-281
-48	5	-348
-37	-40	-397
-24	-85	-436
-32	-137	-469
-42	-161	-475
-45	-179	-487
-44	-181	-480
-39	-177	-488
-43	-160	-477
-34	-143	-465
-20	-131	-459
4	-126	-448
23	-137	-446
47	-154	-441
81	-208	-434
74	-254	-450
51	-301	-461
19	-331	-473
-27	-360	-478
-73	-378	-479
-119	-376	-482
-159	-369	-487
-195	-353	-489
-243	-333	-474
-275	-308	-473
-285	-264	-471
-271	-228	-477
-258	-206	-475
-242	-196	-480
-224	-186	-480
-240	-176	-478
-235	-155	-474
-200	-135	-476
-176	-112	-464
-154	-108	-468
-115	-96	-467
-41	-117	-454
-21	-129	-456
-20	-133	-462
-13	-122	-450
-9	-122	-454
-7	-127	-454
-2	-122	-454
-7	-131	-452
-3	-124	-454
-7	-126	-453
-9	-130	-451
-12	-122	-452
-10	-121	-457
-21	-122	-458
-27	-123	-456
-43	-117	-459
-54	-125	-470
-76	-107	-469
-71	-108	-464
-72	-110	-465
-73	-98	-454
-68	-104	-460
-67	-99	-461
-71	-99	-457
-72	-101	-457
-66	-98	-458
-66	-99	-455
-70	-97	-459
-65	-94	-456
-67	-97	-458
-69	-94	-455
-71	-97	-455
-71	-102	-461
-73	-98	-453
-68	-98	-459
-61	-97	-453
-74	-100	-455
-71	-98	-456
-70	-100	-456
-77	-95	-455
-94	-98	-463
-85	-101	-459
-87	-90	-459
-91	-91	-458
-96	-97	-464
-88	-94	-454
-87	-95	-461
-86	-101	-460
-82	-105	-464
-76	-106	-467
-85	-106	-469
-87	-105	-466
-94	-92	-459
-114	-86	-456
-137	-92	-458
-173	-95	-459
-204	-111	-462
-232	-141	-467
-245	-175	-472
-254	-216	-476
-254	-243	-482
-244	-284	-490
-234	-307	-487
-216	-334	-487
-202	-341	-489
-195	-351	-487
-181	-354	-492
-168	-363	-489
-115	-372	-497
-86	-365	-497
-47	-361	-494
-27	-340	-492
12	-321	-481
25	-297	-480
38	-268	-470
53	-253	-465
54	-215	-455
51	-199	-448
54	-184	-446
46	-196	-448
47	-193	-458
46	-201	-455
33	-196	-463
23	-196	-471
16	-195	-482
-20	-196	-485
-32	-191	-487
-26	-191	-489
-19	-200	-489
-22	-216	-498
-17	-218	-486
-30	-199	-487
-15	-189	-480
5	-169	-471
30	-159	-448
47	-128	-427
46	-119	-419
49	-112	-413
24	-102	-429
-9	-97	-438
-51	-88	-442
-135	-72	-438
-291	-45	-364
-335	-34	-272
-336	-19	-182
-314	-17	-113
-294	-18	-72
-263	-26	-35
-232	-26	-15
-221	-33	-4
-231	-30	-9
-271	-19	-52
-317	-17	-133
-317	-23	-251
-173	-44	-409
-107	-49	-411
21	-60	-380
35	-65	-383
38	-82	-391
55	-87	-381
84	-101	-359
121	-109	-324
126	-103	-304
134	-101	-281
146	-102	-256
142	-102	-237
136	-95	-246
124	-96	-302
83	-83	-362
51	-88	-383
-1	-77	-413
-59	-64	-430
-106	-62	-429
-136	-57	-430
-143	-60	-432
-203	-61	-421
-262	-52	-387
-300	-43	-350
-309	-40	-328
-331	-40	-318
-339	-37	-291
-345	-30	-256
-339	-21	-210
-337	-23	-175
-331	-26	-148
-330	-30	-108
-334	-41	-92
-336	-52	-77
-327	-66	-45
-292	-60	-11
-248	-71	23
-178	-68	42
-146	-74	57
-111	-98	71
-89	-102	69
-153	-103	80
-202	-109	73
-229	-128	70
-238	-135	69
-258	-141	71
-291	-172	60
-301	-190	65
-287	-211	79
-267	-225	85
-267	-222	89
-278	-221	80
-324	-211	53
-362	-208	11
-419	-184	-87
-431	-165	-151
-420	-142	-265
-379	-129	-353
-241	-126	-452
-123	-122	-470
-94	-127	-474
-32	-126	-460
34	-126	-437
69	-130	-413
71	-145	-416
27	-168	-453
25	-186	-458
8	-202	-470
9	-228	-478
30	-254	-453
95	-348	-430
70	-414	-433
36	-467	-434
14	-463	-459
-6	-457	-463
-12	-449	-475
-27	-443	-484
-34	-438	-485
-28	-441	-480
-24	-443	-481
-27	-455	-477
-36	-451	-474
-36	-448	-483
-33	-435	-489
-41	-419	-495
-43	-414	-508
-41	-412	-502
-42	-410	-509
-46	-418	-506
-48	-412	-505
-44	-407	-504
-44	-411	-504
-51	-413	-505
-43	-412	-513
-45	-415	-505
-44	-405	-510
-45	-408	-507
-45	-410	-509
-47	-409	-515
-44	-409	-510
-46	-412	-511
-48	-410	-511
-47	-410	-506
-46	-407	-511
-42	-412	-513
-50	-403	-502
-44	-407	-505
-45	-411	-511
-46	-408	-507
-40	-412	-514
-40	-412	-508
-46	-409	-514
-46	-411	-516
-47	-406	-508
-45	-413	-504
-44	-403	-508
-40	-409	-509
-46	-415	-514
-45	-411	-513
-47	-408	-509
-49	-405	-510
-45	-410	-505
-45	-412	-510
-46	-407	-508
-47	-409	-512
-43	-408	-516
-54	-405	-510
-45	-409	-509
-43	-407	-516
-45	-402	-511
-44	-407	-514
-43	-408	-511
-46	-406	-513
-49	-412	-511
-57	-408	-510
-44	-408	-514
-46	-405	-514
-47	-406	-513
-47	-406	-517
-40	-402	-509
-46	-410	-516
-44	-407	-507
-47	-408	-513
-48	-413	-512
-47	-406	-515
-46	-403	-514
-44	-406	-518
-50	-403	-510
-43	-411	-513
-48	-404	-513
-46	-403	-509
-50	-407	-511
-47	-406	-509
-47	-411	-511
-49	-407	-514
-47	-407	-510
-45	-408	-508
-46	-413	-508
-47	-404	-511
-48	-408	-508
-51	-408	-513
-47	-407	-508
-47	-406	-509
-43	-407	-513
-54	-402	-514
-49	-407	-515
-51	-408	-512
-45	-407	-503
-48	-407	-507
-49	-410	-506
-50	-406	-514
-50	-405	-509
-49	-406	-512
-40	-406	-512
-50	-407	-512
-45	-407	-511
-46	-404	-516
-50	-398	-517
-46	-403	-514
-31	-415	-505
-27	-418	-500
-38	-343	-515
-17	-254	-515
25	-74	-425
37	-68	-391
13	-31	-378
24	-23	-354
-11	-13	-365
-35	-18	-381
-46	-19	-382
-49	-26	-396
-75	-19	-403
-114	-22	-408
-125	-14	-388
-136	-15	-404
-135	-7	-387
-151	0	-366
-168	13	-366
-175	21	-350
-172	28	-342
-170	23	-335
-174	25	-333
-180	36	-323
-185	37	-308
-192	50	-285
-201	47	-286
-203	48	-263
-200	47	-261
-191	50	-259
-162	58	-256
-141	65	-241
-108	63	-229
-85	62	-215
-77	48	-221
-57	50	-220
-45	50	-223
-33	45	-231
-29	49	-227
-23	46	-235
-20	40	-223
-13	36	-224
-6	34	-220
2	42	-217
1	37	-212
-2	39	-220
-2	41	-216
-3	44	-223
0	40	-219
-1	35	-216
-5	39	-208
0	35	-207
2	34	-194
4	29	-176
8	31	-152
11	25	-138
5	27	-134
9	23	-122
4	24	-119
2	31	-127
1	31	-125
2	30	-137
-6	28	-132
0	32	-140
-6	28	-137
-7	31	-139
4	35	-139
1	30	-137
-3	35	-131
2	25	-135
-2	38	-140
-7	35	-139
3	25	-137
0	27	-145
-4	30	-146
2	32	-175
6	33	-180
6	39	-208
-2	32	-255
-2	8	-303
-13	-25	-372
-5	-52	-402
28	-88	-412
26	-139	-449
26	-153	-460
18	-167	-470
1	-181	-482
12	-201	-481
4	-225	-488
-1	-254	-495
6	-268	-492
27	-292	-485
25	-331	-474
-17	-407	-455
-6	-448	-431
5	-477	-397
-12	-518	-349
-31	-549	-288
-52	-548	-309
-62	-552	-303
-57	-564	-275
-62	-565	-256
-58	-569	-237
-67	-565	-221
-66	-573	-225
-73	-572	-219
-72	-574	-209
-72	-572	-191
-71	-571	-171
-81	-563	-154
-91	-559	-140
-109	-560	-122
-109	-554	-108
-122	-552	-89
-120	-544	-79
-122	-547	-77
-113	-552	-79
-108	-559	-91
-112	-553	-93
-114	-549	-95
-111	-554	-93
-114	-554	-90
-121	-553	-83
-120	-548	-88
-121	-551	-84
-127	-550	-88
-124	-550	-87
-126	-551	-92
-121	-554	-97
-132	-549	-87
-125	-555	-92
-130	-555	-93
-137	-550	-94
-135	-554	-98
-129	-553	-99
-130	-555	-96
-123	-557	-98
-124	-560	-103
-116	-556	-97
-114	-548	-72
-115	-541	-63
-117	-540	-54
-112	-530	-54
-119	-526	-38
-115	-528	-36
-110	-526	-45
-108	-532	-42
-114	-533	-56
-108	-542	-70
-95	-560	-108
-83	-564	-143
-50	-562	-187
5	-551	-255
45	-506	-314
51	-476	-366
79	-437	-384
112	-377	-388
142	-296	-394
144	-213	-378
119	-142	-368
62	-72	-385
26	-43	-387
11	-15	-370
13	-3	-340
-7	8	-329
-18	29	-316
-7	36	-263
-3	40	-273
1	42	-271
2	38	-260
-3	37	-253
-5	42	-253
-1	37	-259
-4	36	-249
-10	51	-268
-8	39	-268
14	32	-280
18	24	-280
15	25	-288
18	31	-288
14	29	-281
19	27	-271
18	32	-265
13	34	-257
15	38	-246
16	32	-246
17	37	-241
13	37	-235
9	44	-222
6	38	-221
-1	45	-215
-2	45	-207
2	43	-209
0	49	-206
1	47	-211
-2	42	-205
2	50	-200
-2	44	-207
-7	49	-206
-2	49	-207
-6	48	-210
-2	45	-209
2	47	-216
3	48	-213
2	50	-214
4	46	-214
7	45	-210
4	46	-216
7	46	-220
5	46	-225
9	45	-223
6	45	-215
7	42	-227
10	41	-226
26	31	-233
103	-35	-266
144	-76	-266
172	-134	-275
184	-199	-305
189	-242	-316
196	-274	-298
202	-308	-283
204	-332	-244
203	-351	-207
195	-359	-185
193	-368	-176
186	-382	-165
176	-402	-162
171	-410	-155
178	-412	-171
179	-405	-167
180	-393	-163
186	-389	-168
191	-391	-172
192	-389	-178
191	-390	-175
194	-388	-171
194	-393	-178
203	-359	-206
215	-335	-224
210	-275	-277
191	-206	-311
165	-136	-333
140	-86	-331
111	-54	-324
81	-20	-315
39	14	-313
-34	37	-329
-82	48	-316
-130	40	-325
-205	37	-313
-241	26	-302
-262	13	-300
-296	-1	-292
-336	-39	-301
-381	-56	-253
-411	-85	-187
-418	-99	-198
-413	-89	-212
-414	-85	-224
-417	-99	-241
-427	-120	-247
-424	-121	-275
-421	-119	-291
-420	-99	-262
-424	-100	-260
-442	-118	-244
-453	-129	-229
-456	-144	-229
-455	-138	-229
-451	-135	-239
-449	-133	-246
-451	-120	-244
-446	-126	-249
-437	-118	-265
-423	-107	-275
-429	-110	-282
-425	-112	-284
-433	-112	-274
-425	-115	-284
-432	-118	-280
-432	-109	-270
-434	-113	-272
-437	-112	-264
-437	-115	-265
-439	-120	-257
-441	-116	-263
-440	-112	-260
-434	-113	-268
-435	-114	-264
-438	-112	-259
-434	-113	-258
-437	-109	-257
-439	-108	-261
-438	-101	-252
-435	-107	-264
-432	-95	-260
-425	-89	-226
-423	-85	-192
-435	-111	-165
-453	-144	-171
-461	-158	-171
-465	-158	-173
-451	-138	-201
-444	-113	-237
-407	-81	-298
-370	-73	-349
-352	-71	-371
-340	-63	-375
-329	-59	-379
-310	-60	-391
-283	-58	-405
-229	-77	-442
-183	-81	-455
-155	-85	-461
-133	-77	-448
-121	-69	-444
-117	-64	-446
-120	-56	-436
-118	-54	-436
-107	-61	-434
-101	-61	-438
-107	-58	-432
-112	-48	-431
-110	-48	-429
-108	-48	-422
-105	-55	-429
-107	-72	-442
-108	-94	-465
-112	-87	-464
-110	-100	-461
-117	-98	-463
-132	-91	-461
-129	-90	-454
-137	-90	-465
-139	-89	-463
-156	-94	-457
-156	-96	-458
-151	-94	-460
-148	-95	-462
-148	-92	-456
-145	-80	-449
-142	-64	-442
-134	-63	-445
-127	-57	-438
-128	-54	-443
-118	-59	-438
-106	-64	-448
-79	-82	-450
-55	-111	-467
-5	-147	-469
-13	-139	-464
-14	-150	-467
-3	-161	-468
12	-175	-472
5	-172	-471
9	-175	-473
7	-177	-467
13	-167	-473
10	-164	-468
9	-164	-465
11	-156	-469
-3	-162	-475
-5	-162	-470
-5	-170	-478
0	-176	-477
22	-190	-472
25	-190	-466
22	-195	-476
18	-213	-475
25	-223	-477
42	-234	-481
58	-235	-465
69	-277	-478
23	-305	-504
13	-328	-515
-16	-356	-520
-43	-373	-529
-43	-383	-529
-63	-392	-527
-69	-407	-530
-60	-397	-533
-65	-388	-542
-35	-382	-533
18	-406	-513
19	-404	-511
27	-406	-517
23	-404	-513
28	-403	-511
27	-400	-507
25	-391	-517
14	-367	-527
8	-369	-527
15	-373	-529
10	-377	-528
15	-375	-525
13	-372	-530
11	-372	-523
17	-373	-536
17	-376	-526
11	-368	-527
11	-370	-525
14	-370	-527
13	-372	-529
18	-364	-525
16	-369	-524
20	-378	-525
19	-377	-525
16	-368	-521
13	-374	-523
17	-370	-528
11	-372	-526
12	-372	-525
15	-368	-525
12	-374	-533
14	-374	-532
13	-369	-530
13	-373	-533
14	-376	-527
16	-372	-535
13	-375	-526
14	-373	-533
10	-371	-528
13	-371	-535
12	-367	-529
16	-372	-528
14	-370	-524
14	-373	-530
11	-374	-532
11	-369	-524
17	-375	-529
17	-377	-525
8	-370	-530
11	-376	-526
15	-367	-531
10	-370	-532
13	-374	-529
13	-372	-528
10	-369	-532
14	-365	-528
8	-370	-525
19	-376	-526
17	-374	-522
9	-369	-520
7	-375	-528
15	-372	-531
13	-368	-524
10	-373	-534
19	-369	-530
14	-366	-527
14	-371	-526
15	-372	-528
15	-366	-523
15	-372	-534
15	-370	-533
11	-372	-523
14	-371	-531
7	-368	-527
14	-370	-528
12	-370	-530
12	-367	-533
31	-374	-519
22	-408	-513
19	-441	-495
45	-460	-461
70	-479	-431
105	-471	-390
136	-469	-357
160	-465	-321
172	-452	-332
188	-449	-308
207	-435	-295
211	-419	-302
213	-404	-311
213	-399	-303
214	-409	-296
211	-413	-300
212	-414	-296
214	-418	-300
210	-417	-296
210	-413	-297
214	-412	-299
215	-420	-297
211	-415	-299
209	-419	-304
206	-415	-299
209	-423	-300
204	-422	-302
219	-416	-305
207	-422	-306
203	-423	-308
200	-422	-306
208	-420	-311
201	-419	-304
206	-420	-311
205	-423	-306
203	-421	-306
207	-421	-307
203	-423	-309
207	-425	-307
201	-435	-309
203	-422	-307
199	-424	-312
179	-420	-358
122	-421	-431
34	-431	-488
36	-422	-499
32	-422	-498
23	-408	-509
19	-407	-516
20	-409	-516
-90	-389	-551
-264	-371	-532
-248	-372	-545
-243	-363	-542
-238	-367	-550
-240	-370	-546
-240	-364	-549
-240	-363	-549
-237	-360	-544
-234	-370	-544
-254	-367	-543
-294	-361	-528
-362	-361	-489
-397	-359	-459
-422	-366	-428
-460	-361	-386
-471	-359	-358
-471	-358	-359
-473	-361	-363
-470	-361	-355
-473	-358	-360
-473	-362	-353
-473	-358	-357
-481	-360	-347
-475	-364	-354
-480	-366	-340
-475	-360	-340
-478	-358	-355
-476	-359	-353
-474	-359	-352
-478	-359	-356
-478	-357	-357
-474	-358	-355
-480	-359	-350
-473	-358	-347
-480	-364	-349
-476	-362	-351
-474	-358	-351
-481	-359	-346
-480	-355	-346
-476	-363	-338
-470	-361	-347
-480	-366	-348
-476	-363	-351
-470	-359	-351
-469	-360	-359
-462	-364	-381
-459	-369	-385
-460	-370	-389
-439	-362	-412
-374	-366	-475
-270	-358	-545
-83	-396	-557
16	-412	-520
14	-405	-524
20	-408	-530
12	-395	-527
0	-390	-532
7	-389	-534
-3	-391	-537
13	-389	-539
32	-398	-525
119	-419	-449
192	-393	-347
174	-322	-393
164	-238	-393
145	-148	-369
126	-78	-323
123	-62	-298
105	-36	-270
93	-26	-248
73	-7	-227
62	3	-220
56	7	-221
48	9	-214
47	14	-220
36	21	-225
63	6	-210
130	-65	-221
171	-131	-228
184	-155	-223
197	-172	-220
202	-208	-215
205	-228	-215
192	-195	-241
159	-117	-275
113	-63	-272
89	-32	-270
72	-19	-271
51	-2	-270
32	14	-263
22	15	-263
8	22	-265
-6	32	-253
-7	28	-253
-5	32	-250
-7	29	-252
-6	28	-253
-5	27	-243
-7	31	-250
-3	33	-249
-8	29	-248
-4	35	-246
-2	33	-247
-6	33	-244
-11	31	-246
-4	37	-238
-9	37	-232
1	27	-232
6	33	-230
0	32	-234
7	28	-229
5	28	-223
4	29	-233
8	29	-222
9	30	-231
2	28	-226
6	30	-230
32	23	-211
77	-7	-207
119	-40	-204
115	-53	-211
113	-48	-206
107	-30	-216
80	-19	-228
46	7	-234
32	15	-240
12	24	-239
-4	38	-244
-23	39	-241
-34	43	-239
-29	48	-235
-17	39	-224
-17	36	-233
-15	37	-228
9	30	-226
28	18	-221
41	13	-224
57	1	-237
72	1	-232
76	-13	-236
101	-36	-231
107	-35	-227
102	-37	-231
95	-28	-231
90	-20	-242
68	-2	-241
46	11	-245
33	18	-238
10	28	-241
-14	36	-241
-34	38	-243
-38	43	-242
-50	45	-238
-45	39	-236
-40	47	-232
-34	45	-237
-30	44	-235
-34	40	-236
-27	44	-236
-19	35	-237
-19	38	-234
-15	35	-231
-15	34	-237
-17	40	-232
-12	34	-230
-11	36	-230
-11	37	-230
-6	35	-232
-15	32	-225
-7	36	-232
-3	34	-226
-5	40	-235
-5	36	-232
-5	36	-236
-8	33	-229
29	22	-236
72	-10	-251
121	-60	-271
148	-107	-291
170	-165	-325
175	-208	-360
148	-242	-410
118	-286	-440
102	-303	-463
82	-329	-477
73	-354	-484
70	-370	-472
49	-391	-482
15	-392	-489
24	-394	-491
24	-390	-496
18	-374	-496
26	-364	-503
34	-352	-503
30	-353	-504
33	-356	-502
38	-348	-504
39	-344	-505
39	-347	-506
44	-346	-504
37	-340	-505
37	-349	-498
39	-341	-500
38	-346	-504
37	-346	-506
42	-344	-501
45	-348	-504
44	-343	-507
39	-342	-497
36	-344	-501
33	-344	-503
37	-344	-501
34	-346	-503
42	-340	-500
38	-346	-507
45	-345	-498
42	-347	-499
44	-345	-506
41	-349	-507
45	-339	-501
38	-343	-499
36	-342	-505
46	-343	-505
38	-342	-499
39	-345	-499
41	-347	-502
43	-341	-499
38	-351	-500
38	-344	-500
35	-345	-509
36	-343	-501
35	-345	-500
39	-346	-503
41	-343	-507
36	-348	-503
13	-370	-500
5	-405	-485
7	-448	-467
-3	-464	-453
-11	-471	-451
-48	-486	-451
-71	-503	-435
-91	-508	-441
-112	-510	-437
-125	-521	-426
-170	-522	-414
-198	-521	-408
-214	-517	-407
-235	-507	-406
-278	-498	-394
-289	-494	-388
-303	-490	-389
-326	-491	-378
-329	-480	-374
-333	-480	-364
-337	-475	-365
-338	-480	-363
-339	-479	-370
-336	-480	-367
-336	-468	-362
-335	-476	-369
-333	-470	-367
-338	-477	-369
-345	-471	-368
-346	-462	-377
-371	-452	-363
-384	-431	-354
-400	-414	-350
-414	-397	-344
-418	-392	-339
-418	-393	-342
-421	-396	-345
-412	-391	-348
-411	-391	-355
-400	-393	-376
-354	-395	-429
-256	-413	-479
-245	-412	-481
-212	-406	-504
-188	-410	-504
-175	-406	-515
-107	-411	-510
-49	-427	-500
-35	-423	-499
-34	-421	-505
-27	-420	-503
-32	-413	-500
-30	-416	-503
-19	-407	-504
-17	-412	-501
-14	-416	-503
48	-408	-482
128	-391	-422
130	-385	-427
124	-334	-441
129	-300	-438
123	-258	-438
119	-223	-431
120	-191	-416
124	-150	-392
114	-123	-382
90	-68	-344
69	-35	-327
47	-6	-302
30	2	-284
23	9	-278
21	16	-277
6	15	-280
-16	24	-294
-42	24	-300
-59	33	-300
-85	42	-308
-108	32	-331
-141	21	-350
-190	22	-337
-215	32	-311
-230	29	-316
-235	23	-309
-248	17	-315
-273	9	-312
-300	-5	-314
-315	-20	-323
-324	-41	-334
-332	-64	-350
-330	-63	-369
-330	-70	-375
-336	-88	-389
-342	-101	-390
-336	-119	-406
-338	-131	-411
-329	-144	-424
-323	-159	-445
-310	-171	-458
-293	-177	-463
-288	-169	-461
-272	-167	-466
-250	-165	-487
-229	-162	-489
-200	-153	-489
-165	-150	-501
-136	-148	-498
-116	-141	-499
-98	-147	-499
-92	-154	-499
-73	-150	-493
-55	-151	-499
-25	-156	-481
11	-163	-473
19	-148	-468
40	-134	-445
69	-117	-423
98	-121	-388
119	-115	-360
119	-96	-346
106	-67	-330
76	-35	-305
61	-5	-267
49	7	-246
46	12	-225
28	18	-207
16	22	-192
15	36	-173
24	33	-167
8	31	-171
-18	40	-178
-51	49	-168
-78	58	-187
-110	61	-227
-120	54	-264
-156	49	-281
-204	11	-343
-220	-5	-365
-199	-17	-385
-172	-49	-425
-182	-81	-453
-159	-91	-470
-123	-93	-466
-98	-104	-476
-54	-123	-475
-5	-119	-461
33	-124	-442
67	-126	-420
99	-125	-396
106	-111	-372
117	-95	-340
112	-64	-307
110	-53	-279
107	-39	-259
106	-33	-239
98	-33	-216
101	-25	-204
93	-22	-192
66	-5	-176
58	-7	-155
56	7	-150
52	2	-134
45	0	-123
43	-6	-118
34	6	-108
17	12	-100
7	12	-98
6	17	-115
0	25	-148
3	33	-241
1	13	-296
-29	-16	-375
-33	-69	-441
-16	-140	-489
1	-181	-495
17	-227	-506
35	-251	-498
45	-263	-498
53	-284	-494
68	-285	-483
73	-286	-476
88	-289	-482
85	-293	-476
90	-318	-470
103	-325	-468
67	-325	-487
67	-320	-488
70	-315	-493
73	-309	-488
75	-303	-490
73	-297	-494
72	-292	-488
76	-291	-488
76	-287	-485
75	-288	-490
73	-286	-486
69	-285	-490
75	-288	-485
78	-279	-485
71	-285	-494
74	-277	-484
75	-281	-489
69	-285	-493
77	-285	-495
70	-286	-488
70	-282	-489
73	-283	-493
78	-282	-492
75	-278	-490
70	-282	-493
72	-286	-494
76	-286	-498
70	-284	-493
66	-281	-495
67	-284	-487
71	-279	-496
74	-279	-489
75	-289	-488
73	-285	-493
76	-288	-489
74	-281	-493
71	-279	-496
78	-277	-490
79	-287	-488
73	-282	-493
76	-285	-488
74	-283	-490
66	-283	-488
71	-288	-488
74	-285	-494
71	-282	-490
75	-279	-489
76	-282	-491
74	-281	-501
74	-289	-490
78	-284	-495
72	-284	-486
68	-280	-497
77	-282	-491
73	-288	-492
62	-284	-490
73	-286	-486
67	-278	-489
74	-282	-488
75	-283	-489
76	-286	-491
68	-281	-488
76	-284	-498
69	-287	-495
71	-277	-492
72	-280	-490
71	-285	-492
68	-284	-492
72	-284	-487
72	-284	-491
